3120411139 123456
3120411145 123456
3121411001 123456
3121411006 123456
3121411013 123456
3121411026 123456
3121411031 123456
3121411037 123456
3121411043 123456
3121411048 123456
3121411056 123456
3121411063 123456
3121411069 123456
3121411075 123456
3121411080 123456
3121411085 123456
3121411091 123456
3121411098 123456
3121411103 123456
3121411110 123456
3121411115 123456
3121411129 123456
3121411134 123456
3121411141 123456
3121411147 123456
3121411152 123456
3121411164 123456
3121411169 123456
3121411177 123456
3121411182 123456
3121411188 123456
3121411195 123456
3121411213 123456
3121411218 123456
3121411224 123456
11377 ABC123
