3120411139 6 4 3
3120411145 8 6 4
3121411001 1 6 9
3121411006 2 8 2
3121411013 1 4 3
3121411026 4 8 2
3121411031 1 3 2
3121411037 2 3 1
3121411043 5 8 8
3121411048 9 10 3
3121411056 8 5 7
3121411063 5 5 3
3121411069 2 8 7
3121411075 5 1 6
3121411080 1 8 8
3121411085 8 3 2
3121411091 10 5 2
3121411098 10 8 9
3121411103 2 5 9
3121411110 4 7 8
3121411115 4 7 6
3121411129 5 4 8
3121411134 6 6 3
3121411141 8 9 4
3121411147 10 2 9
3121411152 9 7 8
3121411164 3 3 3
3121411169 2 2 6
3121411177 2 5 5
3121411182 5 9 4
3121411188 5 8 4
3121411195 9 3 2
3121411213 3 9 7
3121411218 8 8 5
3121411224 9 6 10
