3120411139 6.00 4.00 3.00
3120411145 8.00 6.00 4.00
3121411001 1.00 6.00 9.00
3121411006 2.00 8.00 2.00
3121411013 1.00 4.00 3.00
3121411026 4.00 8.00 2.00
3121411031 1.00 3.00 2.00
3121411037 2.00 3.00 1.00
3121411043 5.00 8.00 8.00
3121411048 9.00 10.00 3.00
3121411056 8.00 5.00 7.00
3121411063 5.00 5.00 3.00
3121411069 2.00 8.00 7.00
3121411075 5.00 1.00 6.00
3121411080 1.00 8.00 8.00
3121411085 8.00 3.00 2.00
3121411091 10.00 5.00 2.00
3121411098 10.00 8.00 9.00
3121411103 2.00 5.00 9.00
3121411110 4.00 7.00 8.00
3121411115 4.00 7.00 6.00
3121411129 5.00 4.00 8.00
3121411134 6.00 6.00 3.00
3121411141 8.00 9.00 4.00
3121411147 10.00 2.00 9.00
3121411152 9.00 7.00 8.00
3121411164 3.00 3.00 3.00
3121411169 2.00 2.00 6.00
3121411177 2.00 5.00 5.00
3121411182 5.00 9.00 4.00
3121411188 5.00 8.00 4.00
3121411195 9.00 3.00 2.00
3121411213 3.00 9.00 7.00
3121411218 8.00 8.00 5.00
3121411224 9.00 6.00 10.00
